{"cosine": [[0.9999999999999998, -0.23871440576007558, -0.08464427140041578, -0.1977837905871833, 0.014580149808295535, -0.054217955801725747, 0.014203878634462075, -0.062011980008470774, -0.12115987162618953, 0.025576599326319997, 0.030460695181038517, -0.21948970006174368, -0.07088476238769754, -0.10323842483660914, -0.20231245718301594, 0.045463841183138294, 0.0950901636991315, -0.0002420658539215197, 0.04797020504621204, -0.07308120058551068, 0.020690554316974415, 0.15651528828226433, 0.10888526757357297, 0.07854319485905238, -0.0007685963805055559, -0.04077942120338275, 0.03232678384754571, 0.03898107287869913, -0.01225471032410333, -0.12218083647554383, 0.14040495055581226, -0.09902570710664736, -0.013572558412202965, -0.14297301417860667, -0.18220374756930044, 0.027648462814638827, -0.169982733933537, -0.11327554649315591, 0.07065812913265068, 0.0038892406151725704, 0.150651555510345, -0.005060892105703787, 0.02354647239161175, -0.02323438003291552, -0.12025467237728289, 0.12662800903216306, -0.08133304765067141, 0.11145643465898024, -0.04435611149210267, -0.08615012280232884, 0.05941016928750835, -0.029904652666916613, -0.036967412884752616, -0.08807327622927898, 0.1150990199638714, 0.010859375186254367, 0.014472173670087761, 0.08007246397149372, -0.22297740540400446, -0.16673788077351254, -0.1095138630931066, 0.2271759360317871, -0.05017112109092408, -0.02518186339880076, -0.050246591461886536, 0.017959041017720445, -0.12518037005602153, 0.10549378895590546, -0.048204132511953615, 0.15018621646524374, 0.12088628272771157, 0.06070241323826592, -0.01087254347734912, 0.04345436866058003, -0.05280506530306638, -0.04145780835620974, 0.04719205448456254, -0.12539583764798856, -0.243701775783465, -0.03705315897638755, 0.046948543187364696, -0.020643473902011326, -0.04124082855921553, 0.09830877556828045, 0.007566512707161439, 0.00442125843981539, 0.013390667732731254, -0.049988907423584326, -0.06880938284499889, 0.0009518215510562936, -0.11470017526934091, 0.022765016591617813, 0.10094788743898653, 0.004382477453867087, -0.03654426117544675, 0.029733168646460757, 0.0538348802949435, -0.05594033161174995, 0.1472295511265799, -0.09112574617020389], [-0.23871440576007558, 1.0000000000000002, 0.03956138409065866, 0.1051129115930954, -0.16309052391516599, 0.010051852056841082, 0.06472243411796982, -0.008075912946897378, 0.09584496232581079, -0.0038913870783152853, 0.04917068909502249, 0.08647490870001073, -0.20524721814365834, 0.05583034748341762, -0.06719316341149484, 0.06122919903770692, -0.04553023517030736, -0.07236204769842614, -0.01236014874300564, -0.016295251311931665, -0.010796249832039783, 0.03160681158878119, -0.051819190011269806, 0.025439100378669626, 0.025094675821837793, 0.15028391028600216, -0.031780657270921414, 0.09702951050228312, 0.051107284939925335, 0.07971969746899177, 0.027332029235779223, 0.19051788515381146, 0.11312300321671621, -0.09407908848047912, 0.048599312495192816, -0.11608513557178414, -0.014622423453202216, -0.10362212810733015, -0.1104965088623185, 0.12294059222463724, -0.01488629861205432, 0.004076479194588627, -0.02038764479501198, 0.058205557212565706, -0.05861618535759159, -0.04075202737013265, 0.060658579265622806, -0.14466630793204013, 0.1154066171036465, 0.06163278803036275, -0.017828961126186926, 0.07023132171900227, 0.07712330262108255, 0.1872263346772803, 0.020412425565266956, 0.11568757978191047, 0.05157410716991162, 0.005709188858090509, 0.02432623555525551, 0.1378713464458229, 0.0922461579066071, -0.15841305608726947, -0.1050283257913917, 0.1993215411437459, -0.08270479091064677, 0.12882891397977067, 0.07743489183535399, 0.01610013928948458, -0.11101379344633255, -0.11906950182276146, -0.019063730579008425, 0.013750881693282629, -0.001655230902062759, 0.0026024690768119653, 0.03413478396226957, 0.04812707946674177, 0.02617204728506353, 0.06154426845294571, -0.007887485303807281, 0.008731234167417622, 0.020159718742775216, -0.06498481642428812, 0.05393685383673853, -0.06452893123393183, -0.03406199037997162, -0.028367602079980028, -0.05179573740092463, 0.0751304467660731, 0.06966578057894234, -0.006018587058997969, 0.07853445173525826, -0.08837880442010744, -0.030028620670492275, -0.09093672552413631, 0.045289628598596476, 0.057451302275713934, 0.06910238555188683, -0.03785554309339249, 0.049699359631145766, 0.11782134863082325], [-0.08464427140041578, 0.03956138409065866, 1.0000000000000002, 0.18061169572179994, -0.12514981891282648, 0.025489838021331798, 0.011131661694489675, -0.036385821871030934, 0.09691397060488674, 0.0006232994984479976, -0.08529065617051929, 0.002953864111354843, 0.0017555863549722555, 0.012397016309881126, 0.03691209754353812, 0.07914931945249462, -0.019715262788209405, 0.0034847581859015243, -0.10684456470074005, -0.03634706276341402, 0.061002682031348926, 0.06352053337778375, 0.13288042914620055, -0.11592337578585173, 0.06666435042289859, -0.05766130566484356, 0.02026577897514346, 0.10207249277037987, 0.034322016281501826, -0.07693328424606329, -0.016407725801737657, 0.03205313434453267, 0.067595173825894, 0.16861962306212946, 0.07370693021157146, -0.09925862837732082, -0.051183195425459786, -0.0860827829732696, -0.08773822255044895, -0.08454710753219787, -0.023579711006796532, -0.13325427022443165, -0.12015365485210223, 0.045678784620760055, 0.1205236485503156, -0.01959779113275312, 0.012832384367216695, 0.0635194668234781, 0.040741191667245394, -0.11256568892520281, -0.04187583725844253, -0.08520103953246343, -0.07472577413327594, -0.04216649869798198, 0.0044210347451017285, 0.07107091763841215, -0.02698307774217703, 0.06588294773355496, 0.012644302377295406, 0.0699701276536352, -0.0299359405776214, 0.11396145155314538, -0.16666448250129975, -0.003186627452341451, 0.12646626973697417, 0.09337778904497936, -0.05070925827535083, 0.003609318031335082, 0.05691853281841886, 0.0778573613213839, 0.13799392961750626, -0.029111964635775686, 0.1380971130715501, -0.019968331599899584, 0.033638047606113226, -0.10075427335143317, -0.11169500927940311, -0.07360613788431407, -0.053333218065135156, 0.037228234193695066, -0.032664360542980816, -0.1126785324297145, 0.058151704263251475, 0.09553949605495954, 0.06279413797712713, 0.09601719123045888, 0.1880674351025777, 0.08801466580893558, 0.06548636223045473, -0.12818896376778005, 0.050300547367878784, 0.0016908267675102044, 0.03569573096532073, -0.13661320277157657, 0.1291387675826213, -0.040201356059489976, -0.024440957611410456, -0.03261658753820164, 0.06726836881663323, 0.11497923385028165], [-0.1977837905871833, 0.1051129115930954, 0.18061169572179994, 1.0, 0.07898539702235545, 0.06382350314556423, 0.04924239734889319, 0.1584246089472514, 0.034220486706318824, -0.08016826963745301, 0.04066875805623513, 0.12190709936070754, 0.1086232632564896, 0.0370052379477644, 0.13927722167441128, 0.1376372114715199, -0.21012467234684248, 0.09135105719048466, -0.03831803188569617, 0.011732481715354558, -0.08638894323825674, -0.11195910234681952, 0.08347746699464194, 0.0061131686026000736, 0.09121052200132246, -0.03095089778789015, -0.046816521663584486, -0.021564813278721638, 0.012217145186420664, 0.07602117623675084, 0.007494150777080439, 0.2444936457774736, 0.11005233696164625, -0.021272249483496722, 0.12619333376523673, -0.02390699753803197, 0.033788274641586014, 0.21381994479208627, -0.24119348474968247, -0.1147586112737105, -0.09090449255364398, -0.06691685857758453, -0.07600845404663391, 0.04737080603656047, 0.022716499052956987, -0.05190141976177718, 0.08722755716328986, -0.1250988454617528, -0.05079624654682896, -0.09297527312691428, -0.05212907002513917, 0.004698150198654369, 0.060488847486604706, -0.09439525527733307, -0.012156951344833737, 0.07609074908692272, -0.015542461843617936, -0.12291044321213451, -0.10296590966512656, 0.11597292498406217, 0.06422803531892778, 0.20681858510391993, -0.019514947216423204, 0.09122588133984211, -0.03818070856675263, 0.025055949829356137, -0.04986186222990718, -0.021810059653018382, 0.11278001221176959, 0.010650837517445982, -0.05012910355689926, 0.1190551314339975, -0.0024955392472451134, 0.04850861007801895, -0.09251393176941407, -0.02268796529212774, 0.007182625542827229, -0.0549265316998879, 0.05918256896093223, 0.03716605650397939, -0.11848924109619614, 0.06045050134274356, 0.09053929614330745, 0.13416892895143517, 0.07114711523007572, -0.016884162223505368, 0.023214211330931492, 0.06417064273318075, -0.09191365231548454, 0.0443078344818365, -0.11697428185423425, 0.08467706502693557, -0.0396110168561937, 0.03139998632362579, 0.09714808085526092, -0.11648011797529054, -0.03922836523162926, -0.08097403964487741, -0.05864977272293368, 0.07118281758195268], [0.014580149808295535, -0.16309052391516599, -0.12514981891282648, 0.07898539702235545, 1.0000000000000002, -0.06713397704745823, -0.07010141044347828, -0.0004125033930493865, -0.08825518262263102, -0.12606083925385095, 0.10692225872705, 0.1712548934020176, -0.12668461658866495, -0.013878911283020351, -0.05014193261017108, -0.10989032259787332, -0.0218335111680016, -0.05611298880218399, 0.09615199752799274, -0.0011391386438415576, -0.16502675315485113, -0.05359648032554286, 0.0949824355195883, 0.021466424433623656, -0.06076992093155463, -0.15928018964490373, 0.08841386984203664, -0.019912271798888676, -0.06945717582969546, -0.034675738231724595, 0.04532938854755397, 0.055382524958371475, 0.024699531476984653, 0.02705776267183236, -0.07603561410303403, -0.0016793016028826342, 0.08285717934347397, -0.045804334744204554, 0.06291161546878325, -0.025312107088389196, -0.1348528267704833, 0.14801788473233154, 0.13218615272347875, -0.021934830762468566, 0.0372580515214941, -0.007841492243894292, 0.09062024304737666, -0.0025065499955091376, 0.0029541285236403653, -0.014255205833120291, 0.03076051760317544, -0.060258880372836186, -0.1082681442723216, -0.23593360337519179, -0.028628827142120082, 0.06588010893300957, -0.0880748266564145, 0.09157089246121279, 0.06227843836539395, 0.004548239556400239, 0.023516102963787974, 0.0804694504867587, 0.024520376899283238, -0.05985837525018165, -0.007775480467543372, -0.11635515110835164, 0.008332943477663075, 0.03802786446461809, 0.05813297599540476, -0.10463523591573715, -0.13859007196837314, -0.09086439727197686, 0.04245064103859917, -0.08213170424961934, -0.015961316490942092, 0.192955853158972, -0.040030279593037774, -0.13551181768411022, -0.03127178430328339, 0.0008043821735612744, -0.05914635639669136, 0.19670342059179918, 0.0682349594216687, 0.15333546055330552, 0.031161360176952056, -0.04205000972358635, 0.03369469598551509, -0.04936959436800128, -0.10172326729018484, -0.00177126810085964, 0.11211203945806503, 0.09452063463186319, -0.19546990347101875, 0.08729910312985148, 0.08098703753356673, -0.11134822826542744, -0.04202544824938761, -0.004072794159269191, -0.20015603713406224, 0.01884881974522143], [-0.054217955801725747, 0.010051852056841082, 0.025489838021331798, 0.06382350314556423, -0.06713397704745823, 1.0, 0.017165541232376277, -0.023973357695332195, 0.04782640838979486, 0.07175755700441251, 0.020328074059172613, 0.048020977601665876, 0.07949015094650339, 0.04343672280936776, 0.06102545944186179, 0.08040648791983505, -0.17279631601585785, -0.05025947791376639, -0.08199263343787357, 0.1234241801708181, -0.06596170028653714, -0.013193443047722651, -0.07103423148675916, -0.012534747855342494, 0.048645193299000085, -0.1892382345163281, -0.08128736936827578, -0.03747238558372704, 0.03318357901306144, 0.03552932183893746, -0.020785634356004754, 0.01957875507327462, -0.12257928943537008, -0.0009025786223993362, 0.005970599833222724, -0.022175958225820892, 0.08050389576902495, 0.028776629515400023, -0.12252957031444359, -0.008894135368568727, 0.015420762535388894, 0.05915403053245847, 0.17954994055319012, 0.019963937517829572, 0.036752608476542506, -0.03505364497242775, 0.07364496840426518, -0.019051367434986036, -0.2224536634486063, -0.08592691853159443, 0.0016211247581427765, -0.13496892905361701, 0.04465230008335521, 0.01991746392659158, -0.007031816772749637, -0.07005252252710578, -0.1844444674675788, -0.0027872484069615374, -0.018975545677902394, -0.08588831191951278, 0.07732008283257989, -0.12736143975408085, 0.2439646169736244, 0.10070748579745677, 0.19001290301515553, 0.13783920475011882, 0.059412171529247985, 0.01605617542286816, -0.03403962877976301, -0.12349100864016702, 0.00674040255761191, 0.040940106340086775, -0.002154645339444564, -0.055220052254960114, -0.16028118409969552, 0.02575891319309666, 0.04255259002073917, 0.1436420756223254, 0.0808425724527135, 0.09288497702586819, 0.023788593254180337, 0.03981423030789781, -0.14212546929149514, -0.07875253220807615, 0.16085905556772892, 0.27210196675966797, -0.052493636806764485, -0.03807719542901975, 0.04699606568495694, 0.06516910169543128, -0.0626155245879402, 0.0017031364504619963, 0.013644880048900883, -0.11416648675893074, -0.028062659790357377, -0.03389419644344742, 0.03441118811595168, -0.07057609456129321, -0.054172091405087074, -0.02598391932252813], [0.014203878634462075, 0.06472243411796982, 0.011131661694489675, 0.04924239734889319, -0.07010141044347828, 0.017165541232376277, 1.0, 0.017324728259835904, 0.12073430675381203, 0.07956418225535447, 0.000721614111442079, 0.006806049901268986, 0.11299763227753282, 0.10046357543278261, -0.12452171358024414, 0.11957604734508578, -0.14032646136883437, 0.05496974017576528, 0.024483746853170424, 0.1675020159666458, -0.11096850554452002, 0.06611108513123001, -0.040239332680218794, -0.06166336584274122, -0.04253899780598765, 0.07430231153802318, -0.17822187957007143, 0.039855096943803556, -0.03997431913500337, -0.16798375746158542, -0.06280980882084386, -0.02158852050491999, -0.018628318203986357, 0.10819177938281428, 0.15225719744829821, -0.0840095357830605, -0.047314868294195844, -0.05205606141138515, -0.012046704547277874, 0.02873908686074837, -0.027894527092735374, 0.08081575987453807, -0.09690668467488317, 0.09984691300095382, -0.041319602498443894, 0.19266909197828408, -0.04477014678878548, 0.06960964468490821, -0.11311728601775126, 0.06040943185654566, 0.0005913943636727307, -0.0319671667537409, 0.0002747782664979771, 0.0901132921699613, 0.00759625197463299, 0.14411086170633758, -0.045219003326588236, 0.015327011671418296, 0.013857228644893077, -0.04009253682404368, 0.030285153336425067, 0.02622425611503721, 0.008669746546410069, -0.04079072546748461, 0.08894323190609915, 0.12114136203390902, 0.0907253835478462, 0.15151693107057979, 0.05874959823316303, -0.06296401003342449, 0.05893814528115196, 0.055448580073875334, 0.05908122026416618, 0.07487517690573778, -0.010692210981294518, -0.030205622269669097, -0.06134938638712728, 0.125434705567347, 0.11215845591422438, 0.00019503195622246018, 0.019393855310724233, 0.10493408238615409, -0.08143859537372321, -0.10858192430092166, -0.04533301758705437, 0.046066816624663776, -0.10540165903497453, -0.07211185814505586, 0.043337926465024657, -0.013263528306821114, 0.007567585351555681, 0.09938335588798018, 0.013252695105089163, -0.2043457748953722, 0.04162943522983119, -0.06543799486534754, 0.044736868153083524, -0.18833572217585146, -0.010182324445367123, -0.03449236288456796], [-0.062011980008470774, -0.008075912946897378, -0.036385821871030934, 0.1584246089472514, -0.0004125033930493865, -0.023973357695332195, 0.017324728259835904, 1.0, -0.10889870898732798, 0.002083313462052625, -0.11772276241126128, 0.05764371166386088, -0.06794710840955026, -0.07293546702237418, -0.04427504932219832, 0.11718624807123403, 0.010119151854117386, 0.0687627002264395, -0.09942051345967647, 0.04055904073322842, 0.02269908716853395, -0.06685764878385454, 0.14612505906825016, -0.018703816091299424, 0.09019764016014321, 0.04709960535110668, 0.012402476405830089, -0.08494581017941552, 0.06665502674772879, 0.07353614569402224, -0.015483860064688302, 0.006382061813429283, 0.0572012759561381, 0.11597754310489719, -0.013688037510517096, -0.017928714116330152, 0.11909150530535846, 0.14747525908135117, 0.03480266322854797, -0.028612408931287733, -0.030443193117934173, -0.10184093521490535, -0.04672529524289829, -0.13848665395207202, -0.07161289728377267, -0.0368372521825659, -0.04982473342590409, -0.05395686649349478, -0.14293878644004543, -0.07054388669019579, -0.05873486354522653, 0.045499761762690424, -0.05089788881869906, -0.11855913505711513, 0.04458925333838602, 0.08185203503672217, -0.011311522671179873, -0.033860926082421264, -0.09540296356414783, -0.051064598656804266, 0.10645126737799818, -0.001962323565096022, 0.08885311680655858, -0.037919830448888796, 0.013385703219151099, 0.03877245534817562, 0.008362199293430385, 0.058115409264078356, 0.10405609593634987, 0.06503716040221579, -0.0436253757371406, 0.017605980528286914, -0.05840238272225907, -0.033933473742584964, -0.021596548087657215, 0.02323321766053517, 0.08885357180559227, -0.0507755961946394, -0.07758062185851326, 3.9939627676125226e-05, 0.058558273856181946, -0.02405463306795081, 0.08413164870376844, -0.06902400057854031, -0.05761964882755468, -0.16064660863358093, 0.0007585926253891844, 0.08391781873151882, 0.0620691232624812, -0.05528446590303422, -0.1213620659657287, 0.08002557754603404, 0.0015359515743392066, 0.04048546540282656, 0.005863676673752721, 0.052470043644782, -0.01162221223867655, 0.01212896292557763, 0.0005270492054187431, 0.019682379681255652], [-0.12115987162618953, 0.09584496232581079, 0.09691397060488674, 0.034220486706318824, -0.08825518262263102, 0.04782640838979486, 0.12073430675381203, -0.10889870898732798, 1.0, 0.08928113420099257, 0.05518364800857254, 0.02530637490142284, 0.05072193151779919, 0.16890362166808093, 0.08132366658609112, -0.04963955851108396, -0.024631060121244625, -0.053994236890745645, -0.08686941655222086, -0.015144231477837618, -0.014473977441440944, 0.0838522631552748, -0.05547871245923634, -0.08156294874706665, 0.16327978795624792, -0.0480149552406536, -0.20143054218314835, 0.047600304375363466, 0.07959808167397005, 0.037232138022925985, -0.06605783238946866, -0.1521357308987577, 0.08029862932171886, 0.10346458261078222, -0.0801483527500185, -0.03317276131585383, -0.07043265721458694, 0.08534851153104478, -0.12905743715696857, -0.038043482350085894, -0.19023369663717926, -0.023777832994902843, 0.06762049726018808, 0.12807120244294776, 0.09087790893468374, 0.14750181793486264, -0.001871894387366169, 0.0776831221459338, 0.17030504471331348, 0.0360071483349886, -0.09747209097835043, -0.10115767369331392, 0.030614327556711958, -0.0325961383117841, 0.03464113143261516, -0.13170244943134576, -0.026077826327692767, -0.07584512520540437, 0.046148955291021074, -0.04295678144187983, 0.011117825692286178, -0.014397696869028921, -0.013240975749202905, -0.0442333301682263, 0.004166322137229383, 0.021518058861338365, 0.09662902379550978, -0.1050078756656734, 0.023949895076553342, -0.05956435473482444, -0.09463589866176084, -0.004536681224425457, -0.0127307100295867, -0.07548763977615935, -0.022207954471685016, -0.12200786977811677, -0.1284356971637193, 0.04121445575909671, 0.07848218922663983, 0.062001278248445084, 0.0604166770574554, 0.045208806178438934, -0.058288172038519895, 0.02123439089453295, -0.025766684063857823, 0.12681242217444677, -0.01760560418338423, 0.02793150955672595, -0.005354030587129711, 0.047306363565529974, -0.13606233729848452, 0.04553356469621271, 0.1143435758236513, 0.028822652021628703, 0.05168458833912955, 0.006067935691091053, -0.13125354380964716, 0.07212479613645807, -0.06833210808950173, 0.012626877728220347], [0.025576599326319997, -0.0038913870783152853, 0.0006232994984479976, -0.08016826963745301, -0.12606083925385095, 0.07175755700441251, 0.07956418225535447, 0.002083313462052625, 0.08928113420099257, 1.0, 0.0535236217051635, -0.10859073766965151, 0.11146478329513511, 0.02774383243180251, -0.15560091391553887, 0.013006141730530382, 0.0943647555152882, 0.021707920109288553, -0.05700891176034011, -0.07656273024396058, -0.11667003838120865, 0.20888157170110921, 0.14338381617993062, -0.06470650964245904, 0.042259284616722584, 0.0020169859989575367, -0.11950803030714044, -0.005183704335140774, -0.06545545845801329, -0.018846556025804543, -0.09518200882322632, 0.019556746065806433, -0.09024017769736303, 0.028651718064944154, 0.18436882765373386, -0.08406925295094919, -0.06215013424688654, 0.06195437132527464, 0.05910343408454149, -0.12296529537878298, -0.04680595107878933, 0.1671831662256724, 0.035444963425726235, 0.01414595549052237, 0.14534699855861224, 0.053045983729027385, -0.04550606276205991, 0.0392183180170032, 0.0625869587321949, 0.20899865823401392, -0.16270171842151152, -0.08531702288548582, -0.01897687580373191, 0.06276671869314798, 0.0830547051001063, -0.09200698324401917, -0.02727434935554569, -0.10663526285557604, 0.08667594035383737, -0.08405077610593767, -0.11909395942038326, 0.020085833668376855, -0.058427380121209314, -0.1700426937382493, -0.047300939980272697, 0.03291156406839216, -0.066057707914401, -0.014163573481308419, 0.027660153586942494, -0.14475266586763957, -0.09047306289630168, 0.016145742757086162, -0.10666773724002722, 0.16729396861253104, -0.010932083320510204, -0.07084882724914127, 0.02044937190625728, 0.12478436247665335, 0.08468342543067103, 0.09740066010270317, 0.023524355972974375, -0.0023637123993876003, 0.015696237246298133, -0.047190319925702835, -0.057660036015226554, -0.0037668012247651225, -0.1655730699171859, 0.0061425130543535595, 0.04232082937907545, 0.16445521500570226, -0.0008030031493308924, -0.047014877525851206, 0.066481530131447, -0.09024153578622013, -0.0033114530706629085, -0.11768166769226159, -0.24136008481620108, -0.01724104008755425, 0.09960255383880932, 0.024606142425014854], [0.030460695181038517, 0.04917068909502249, -0.08529065617051929, 0.04066875805623513, 0.10692225872705, 0.020328074059172613, 0.000721614111442079, -0.11772276241126128, 0.05518364800857254, 0.0535236217051635, 0.9999999999999999, 0.06228208357314157, 0.03427093717454104, -0.08573848886407891, -0.02179891202163952, -0.15164433124090648, -0.04957727264991407, 0.049163427948512674, 0.15040727421486075, -0.18650282640933719, -0.05312212001982265, 0.19587104403563388, 0.006569863425450697, -0.0706020169739044, -0.01006863030805158, -0.15477613247751948, 0.07665587072700263, -0.05393774640580436, -0.03945450744677055, -0.05898385668565978, 0.1783649357580995, 0.000653498349404209, 0.034496419063569796, 0.06829376657772983, -0.01971033268819133, -0.07146564504320223, 0.12063437818156074, -0.018030699212089288, -0.06150363678460331, 0.060022773276449726, -0.013118706480062808, 0.1141234946564819, 0.10598819212682709, 0.06048428435664077, 0.024222256994484985, -0.004893477791694562, 0.18807237922820644, -0.11304632229311887, 0.1711035663181737, -0.06632644723181112, -0.05323291729837308, -0.054691015087312514, -0.04624328645447175, 0.1085205726482965, -0.09684684011284662, -0.04741936208452984, 0.009323402742025925, 0.07022291214004839, 0.016751277572496604, -0.042646537325316224, 0.08046457873249453, -0.07210150050525797, 0.01143264619481337, 0.15168658776715685, -0.021226518164815085, 0.09612430744622605, 0.03694900849488932, 0.02719332419606715, -0.1876920630487556, -0.1463630786409128, -0.1568708166499207, 0.006471067564749147, -0.03346069332808037, -0.05623124429399659, -0.18443702642294624, -0.010796466355526637, 0.037187945971677086, 0.0241666884655591, 0.05989471264243595, -0.058956767170667196, 0.044649333194632324, 0.062339693909818875, 0.12783836686677513, 0.09450236772805023, 0.09479874109082792, 0.17098878479152418, 0.1480025631881978, 0.0318340548998215, -0.13885817012678237, 0.15667416306833565, 0.06722142223188862, -0.04499741147692869, 0.021421488415194177, 0.05226191217138803, 0.03916496444776632, 0.042679887300686156, -0.043302150026496115, 0.13119692114726778, -0.007826554261508242, -0.06642441846174475], [-0.21948970006174368, 0.08647490870001073, 0.002953864111354843, 0.12190709936070754, 0.1712548934020176, 0.048020977601665876, 0.006806049901268986, 0.05764371166386088, 0.02530637490142284, -0.10859073766965151, 0.06228208357314157, 1.0, -0.04087346195593235, 0.04385517259573221, -0.05451395372921207, -0.01631236614603503, 0.039391281991330324, -0.03243956520975958, 0.19511778032900007, -0.06422367322288652, 0.0989059242459942, -0.13654973757588557, -0.034357552389783205, 0.059187875656483514, 0.0339954939932399, -0.04738059478270543, -0.11956909136220673, 0.05654816603897866, 0.08557259829536686, -0.07413812595330904, -0.02247520288612863, -0.03479897620040865, -0.0892799310351623, 0.06961186894066705, -0.007880143161227399, -0.10715526559553785, 0.0003540942773875347, -0.12508294288599178, 0.0006518018044791655, 0.06043048028984299, -0.004007758225396579, -0.10431782254373431, -0.0799875869030793, 0.1496643976280723, 0.0632399401402546, -0.07958828712871771, 0.033564114686385836, -0.0016103337687116137, 0.04489685304608327, 0.019565646326302463, 0.0924606519902511, -0.045638172223651394, -0.0632770198780547, -0.1879806414056639, 0.0372568251930658, 0.09188405845584775, 0.03388647133705827, 0.06772401960691454, 0.10883730907231344, 0.12802672038437563, 0.09136487254411219, -0.11215990768487229, 0.04326605830173726, 0.15691567056959846, -0.024438755183669093, -0.0008408778625510298, 0.04822505140175694, -0.05744045860784023, 0.043247445560032335, -0.08512035347621937, -0.13063835549357702, 0.057549695521759404, 0.1480223345886066, -0.07702107702601638, 0.04385066302244294, -0.025457140759753867, -0.2002833308272404, -0.04055756151783907, 0.00571534249077552, 0.043089147241373194, -0.024348486618329657, 0.14943268602875856, 0.07333477064140909, 0.05866714974315333, 0.07449729774653743, 0.04051542310719044, 0.15227020161810598, -0.002905862334441813, 0.0824024586262155, 0.08225281076223916, -0.02374180789610442, -0.006066382425069593, 0.008119730440271335, 0.24433518995521386, 0.1539773375456616, 0.003394445774701086, 0.059992025708014964, 0.024516540079920775, -0.1952197198749244, 0.00884451916466156], [-0.07088476238769754, -0.20524721814365834, 0.0017555863549722555, 0.1086232632564896, -0.12668461658866495, 0.07949015094650339, 0.11299763227753282, -0.06794710840955026, 0.05072193151779919, 0.11146478329513511, 0.03427093717454104, -0.04087346195593235, 0.9999999999999999, -0.13792778826249194, 0.08069476786622344, 0.007660625890544886, -0.12326094133682426, -0.011207750442520132, -0.07246523241394201, -0.04967482767048616, -0.08024318478282523, 0.013602139343064302, 0.05842873288048703, -0.0762513475008659, 0.17036498686994336, -0.04153823907850769, 0.15627424163534445, 0.005163342579921413, -0.022111201628105707, -0.13932745528965768, 0.019540870494983185, 0.050283163275440995, -0.06805560216142104, 0.14700964987980958, 0.20466150729834304, -0.1327987877885099, 0.06292465592026115, 0.11934520784123902, -0.05344609122147333, 0.10489156166119679, 0.07433661395149006, 0.018996249717253992, 0.02688288178874355, -0.03355719387859293, -0.09519242079512809, 0.11554652873975241, -0.12589768516058705, 0.10926086146621022, -0.006050472073534159, 0.13286521817961489, -0.013361687938922222, -0.022281920898383982, -0.06638094116288151, -0.0387519088626407, -0.12325021331336482, 0.047365916068160985, 0.015374427963570862, -0.11622843551015449, -0.005479630502450109, -0.03665391236091081, -0.16151333956679767, 0.050542749635807585, 0.15099909383234436, -0.01642260103644825, 0.100247736501193, 0.056724101270001756, -0.02023850570915445, -0.003811286277124918, -0.03379706285503392, 0.05473840578344452, 0.05794226090952802, -0.064749673612939, -0.03456497359661775, 0.11374321261878634, -0.12731258577413207, -0.12971629759552414, 0.09226289483755395, 0.03137717889833836, 0.059766164704037165, 0.062410684062579276, 0.052216652369220115, -0.04197259329619303, -0.1211445684731246, 0.029894225005192194, 0.07025345344954213, 0.19999038689952459, -0.04402935297956869, -0.12025781137608745, 0.06683701039985081, -0.01273096464399708, -0.10578664656626252, -0.03843864166951898, 0.008758962042281873, -0.04624507541978321, -0.13266134200979698, -0.03711107458206579, 0.05027843193721079, 0.021119575638743827, -0.050480049288846085, -0.07641948085446248], [-0.10323842483660914, 0.05583034748341762, 0.012397016309881126, 0.0370052379477644, -0.013878911283020351, 0.04343672280936776, 0.10046357543278261, -0.07293546702237418, 0.16890362166808093, 0.02774383243180251, -0.08573848886407891, 0.04385517259573221, -0.13792778826249194, 1.0, 0.00515925979491032, -0.1362245247914168, -0.04115897045832837, -0.0072549000457832104, 0.07146864687597693, 0.000921442491750523, -0.08191655469466652, 0.060090295236693764, 0.04627789326937261, 0.006963910065942685, -0.15281478114514355, 0.05060030533757215, -0.1287621308271028, 0.10371083429473307, -0.06219364857027945, 0.016506007409319373, -0.1890664243131153, 0.030326228326478112, 0.062398133894485376, 0.13478640878496098, -0.024958692992469653, 0.013260679148952945, -0.08109368783917179, -0.01933536959452131, 0.017385902359134574, 0.07857940858979062, -0.04242777365746194, 0.13614893551456267, -0.023661741189500592, 0.0993923483387804, 0.08175035380099062, -0.06002101892006269, 0.08355454630543568, -0.05199553784784023, 0.05170315127380361, -0.18472530233905757, -0.099659537766593, 0.01833805753008317, -0.014312987517177123, 0.14588247667992102, 0.12354465344841639, -0.009717052992218667, -0.11359893912866725, -0.07710841623102406, 0.015711995851528104, 0.062355576310722076, 0.11912666997540129, -0.019574266981129164, -0.1097246542530036, 0.07457437624022069, 0.11828849152715683, -0.1772130998569351, -0.02477229719849774, -0.04409206926716391, -0.09058679218917817, -0.0913094285825827, -0.07779682455810766, 0.018988479941542964, 0.008047611456466285, 0.04089094753724644, -0.06600386087175546, 0.053791074730593906, -0.03138687407920368, 0.005414260737095543, -0.14482538695102445, 0.062273242117715, 0.01740301234342216, 0.08362270525902689, -0.09599890513146167, 0.08604844538664877, 0.03354811702117108, -0.013543513005651733, -0.03822095921542166, 0.07121742511392626, -0.2281888431496626, 0.05660556392028413, 0.031583171231002974, 0.08983915684072324, 0.07560849349574372, -0.12204711262515071, -0.06629508253268715, -0.05052936930317372, -0.05167630667778113, -0.0011577340433534136, -0.11394352733487993, -0.09460010719782301], [-0.20231245718301594, -0.06719316341149484, 0.03691209754353812, 0.13927722167441128, -0.05014193261017108, 0.06102545944186179, -0.12452171358024414, -0.04427504932219832, 0.08132366658609112, -0.15560091391553887, -0.02179891202163952, -0.05451395372921207, 0.08069476786622344, 0.00515925979491032, 1.0, -0.01793380727470495, -0.18556887702405783, 0.13099211994345197, -0.007446696634203779, -0.17518451330791102, -0.07170290547330338, -0.17290012821430586, -0.13180149203611452, -0.037673949520415966, -0.05604586277303278, 0.04276107991494215, 0.05030476227562351, 0.022887854859905934, -0.09438260952760495, 0.04369030694061895, 0.013509102611777795, 0.05991819452446818, -0.11183053541766773, 0.0814840389210077, 0.02605816252573946, 0.05739701825016676, -0.007038239434951288, 0.09472954497789568, -0.15105462687516244, 0.02600507801152847, -0.014875220411015164, 0.1641867153069293, 0.1809927474131892, -0.10193147822327214, -0.005286389984309842, 0.043212953470935775, -0.0036452347961120125, -0.04131100548823166, 0.0831580319747949, 0.098314051114657, -0.00964639647380751, -0.008474536627511393, -0.1236164560417652, 0.14145467551778457, 0.1332909711658344, 0.1348686066044612, -0.06263352138666266, -0.09315646799181548, 0.0397224072741614, -0.056786356901924136, -0.02240354620160931, 0.04609057050179831, 0.07910663871892774, 0.012744490188660043, 0.19499360240390434, 0.10044514813820773, 0.010606947441446466, -0.08994810508243858, -0.037838495121759554, -0.06093786223566115, -0.05932437724914735, 0.07912632139012611, 0.07679333943405124, -0.11654574653027919, -0.11328846592843199, 0.10758430666840071, -0.15029845078560797, -0.011265937945166594, 0.0026398799574567167, -0.18833877452783532, -0.012289714630507128, 0.040614515092917206, 0.02071205008223946, -0.01139284811999213, -0.043440210046661105, -0.014933931166434291, -0.0776452609502131, 0.07856134122479248, 0.02043806619579876, 0.11097510486794049, -0.033587381109584286, -0.03441353403087122, -0.05837075884145232, 0.13838609717059777, 0.02995960897435954, -0.028876600492261695, -0.007268569521891291, -0.021667718543217574, -0.09247541926534045, 0.0019495263898397922], [0.045463841183138294, 0.06122919903770692, 0.07914931945249462, 0.1376372114715199, -0.10989032259787332, 0.08040648791983505, 0.11957604734508578, 0.11718624807123403, -0.04963955851108396, 0.013006141730530382, -0.15164433124090648, -0.01631236614603503, 0.007660625890544886, -0.1362245247914168, -0.01793380727470495, 0.9999999999999999, 0.03290947702708306, 0.04844889797836323, -0.014095107909981542, 0.11781991666681037, 0.009061456614259828, 0.015345477629602448, 0.09096005385480348, -0.03285648391597896, 0.24975253531262512, -0.0818968398545586, -0.10614675754154203, -0.035319825554801565, 0.05880873140161788, -0.05413457641615359, 0.023736662573470856, 0.14504708904566424, -0.00445667465849065, -0.09248715980585849, 0.2073738315739574, 0.12483421461631783, -0.030256644358470575, 0.06104590868112807, -0.10994898131462198, -0.008799323478070307, 0.057150842349880854, -0.055338690167479394, 0.02811938016121778, 0.0630997830646317, -0.07536733009601443, 0.20568181616501494, -0.06683056208054276, -0.02960701123677658, -0.035346003464692854, 0.08614489567532038, -0.02326469819159364, 0.009099805395126495, -0.030911657216377137, -0.041734405786323384, -0.027307335753832623, 0.08721928277062511, -0.09674670848161634, 0.0010557635069491419, 0.050936463120610745, 0.13306530284077453, -0.14376794586002709, 0.27917627746975526, 0.006235847753653581, -0.044323853216275674, 0.07497196821103806, -0.05663886711443414, -0.1294784292200458, 0.13910874753328958, -0.00018275533836859602, 0.1214230766960393, 0.04012988369600012, 0.062348371275026765, 0.02584394792044308, -0.04581936420087432, -0.12326012337566915, -0.1791694373225056, 0.0027480811139728384, 0.17347842576841566, -0.12291232572439194, -0.07417275078071385, -0.06619549280311224, -0.08072138683898501, -0.07451432327735738, -0.06089296241105328, 0.08243684940254781, 0.03427900878207383, 0.04345918739374138, 0.05397434272418961, 0.010338738355320239, -0.0718841543539049, -0.046097465001327255, -0.014824273080878268, 0.043109266026377116, -0.1318574464306832, 0.06190914402214461, -0.03358420320081643, 0.03231935266763426, -0.03634958953016816, 0.15154710242394326, 0.0949858879859905], [0.0950901636991315, -0.04553023517030736, -0.019715262788209405, -0.21012467234684248, -0.0218335111680016, -0.17279631601585785, -0.14032646136883437, 0.010119151854117386, -0.024631060121244625, 0.0943647555152882, -0.04957727264991407, 0.039391281991330324, -0.12326094133682426, -0.04115897045832837, -0.18556887702405783, 0.03290947702708306, 1.0, 0.011981564482170937, -0.019066471783647888, 0.0805260169559535, 0.033914550121665187, 0.0384134833366347, -0.07566214380632207, -0.08627475035652549, -0.01896007794846723, 0.12553731260708106, -0.12812610823100037, -0.09598190496276954, 0.15893195395128795, 0.07056207599242052, 0.1695602551786311, -0.01108273229841648, -0.051903662148825386, 0.04072888301595082, -0.09611865765976163, 0.20490135698928635, 0.05586880665236353, -0.03610844874035338, 0.10989001322677155, -0.09111233750042633, 0.13970298570064218, -0.019575937122179917, -0.11914310652437324, -2.2496959092544973e-05, 0.011417621418739353, -0.02390242324055036, 0.12130201196076465, 0.0264349725653051, 0.010001390990311637, 0.007443701646372326, -0.038552525615868034, -0.07273275271826041, 0.19287109805090835, 0.007699510937191916, 0.10221247966868402, -0.23055462335559818, 0.07579806279690585, 0.010111434637118395, 0.04282810102583615, 0.06139085041204764, 0.08397703624631955, 0.04826758649185194, -0.16425966385671956, 0.010829023502028986, -0.014021844592798934, -0.31360880954240994, -0.032606217776520785, -0.07421978165177216, 0.057685832093596075, 0.07532027501796584, -0.13575422218008493, -0.13282476743744268, -0.12390513305645287, 0.06671766895083314, 0.17630705899156363, -0.026301889275292645, 0.15921304443153358, -0.11299150213870396, -0.08309988094796894, 0.0478346105912956, 0.10277953384352302, -0.02577222071181027, 0.01866475911238256, 0.06624870941819318, -0.0913233880573076, -0.06989689345319455, -0.0034048072604696018, -0.018120564107243164, 0.051224868257208754, 0.058746894326538616, 0.03343572508400009, -0.07672158877193837, 0.010752681453912793, -0.08299720879174122, 0.02213422652238041, 0.02257539136709019, 0.03410715021904246, -0.003183912978372959, 0.1061444302790662, -0.015052081026625898], [-0.0002420658539215197, -0.07236204769842614, 0.0034847581859015243, 0.09135105719048466, -0.05611298880218399, -0.05025947791376639, 0.05496974017576528, 0.0687627002264395, -0.053994236890745645, 0.021707920109288553, 0.049163427948512674, -0.03243956520975958, -0.011207750442520132, -0.0072549000457832104, 0.13099211994345197, 0.04844889797836323, 0.011981564482170937, 1.0, 0.10468695600892976, 0.05769090937800472, 0.0694981599039729, 0.04537576807947122, -0.054211692134499154, 0.02158323250790219, -0.023867961252972584, 0.01546455281820196, -0.049381351185829224, 0.1460159435136163, -0.1727338348969798, 0.12945982297326744, 0.0868877328386753, -0.01836723907226408, -0.03594080072749951, 0.12601886942129056, -0.0879258173046414, -0.10333869137508868, -0.002156831618278524, 0.06487234651518993, -0.18135131676515448, -0.17614423333779353, 0.05624542501072693, 0.08915408111034541, -0.13562954252672232, 0.05629012809789663, -0.028877109211296076, 0.02442340126196916, 0.02866230924155149, -0.06500788880917478, 0.1406018439866998, 0.13593167935047953, 0.04309331235933345, -0.031678845569357655, 0.02792116871773072, 0.12115795774246696, -0.08852321821963989, 0.021234515477904718, 0.016373552355198072, -0.050297645431308484, -0.1940122563121176, -0.02505682035252559, 0.0076162841535938105, 0.07380726288372653, -0.14998871374777054, 0.11588538065022308, 0.11778521022255274, -0.0525811975931827, -0.023240653179690828, 0.0511242383917788, 0.01383852243885707, 0.10960200355212407, 0.01941162478688512, -0.045014039765170794, -0.13789814242975212, -0.06715564786034182, 0.06772324405573381, 0.09362207748574664, -0.021593505002819716, 0.030077269516788425, -0.06145444675371987, -0.01626883576179229, -0.02511329488063844, -0.000366682440635622, 0.08599931859559275, -0.13376087235121722, -0.08012970179249368, 0.0072311814796161295, -0.03504807136974726, 0.04730836540948157, 0.09160301091063791, 0.07210550903588361, -0.09830748252822409, -0.04242660735014377, -0.045914104961855544, 0.07150001313843193, 0.06413828025408977, 0.005018660849065093, -0.032221043350482155, 0.08493158329955032, 0.0005979090384785245, 0.005013317015871376], [0.04797020504621204, -0.01236014874300564, -0.10684456470074005, -0.03831803188569617, 0.09615199752799274, -0.08199263343787357, 0.024483746853170424, -0.09942051345967647, -0.08686941655222086, -0.05700891176034011, 0.15040727421486075, 0.19511778032900007, -0.07246523241394201, 0.07146864687597693, -0.007446696634203779, -0.014095107909981542, -0.019066471783647888, 0.10468695600892976, 1.0, 0.020256388380589272, -0.058211304028238924, -0.06768971332102357, -0.06866207855093674, -0.02676061592805719, -0.06366417495492764, 0.08872569595593804, 0.13053007527058533, -0.048555818964078755, 0.17301136268824477, 0.03872230983408304, -0.03399711353315058, -0.12738604128934233, -0.04999576385559398, -0.020680113264249917, -0.040654334015631594, 0.10464797739754059, -0.05790089815739765, 0.018453233199140905, 0.028730976785036413, 0.03727929850359405, 0.0871306257290817, 0.029856310464579892, 0.11599277941634471, 0.0783252449152361, 0.05145847363527286, 0.11682708534933538, 0.03393166838958966, -0.09273416905518084, 0.0942065142705742, -0.06898452511297327, 0.07374406703649075, -0.023457943